-5.45999999996275 0.429999999701977 12.12 
-3.60999999998603 0.5 12.3 
-1.81999999994878 0.730000000447035 15.61 
0.150000000023283 0.629999999888241 12.14 
4.46999999997206 -0.0499999998137355 12.16 
2.63000000000466 -0.120000000111759 12.22 
0.489999999990687 0.179999999701977 19.87 
-3.92000000004191 0.980000000447035 39.45 
-6.70999999996275 -0.46999999973923 12.16 
-9.71999999997206 -1.71999999973923 12.26 
-6.93000000005122 -0.269999999552965 39.46 
-5.10999999998603 -0.0899999998509884 41.71 
-3.25 -0.099999999627471 40.22 
-1.35999999998603 -0.0400000000372529 40.03 
0.46999999997206 0.0199999995529652 39.77 
2.35999999998603 0.0800000000745058 39.61 
8.85999999998603 -0.860000000335276 15.67 
10.8499999999767 -0.96999999973923 12.08 
16.9899999999907 -1.79000000003725 12.14 
8.44999999995343 -0.759999999776483 39.57 
6.56999999994878 -0.820000000298023 39.72 
4.73999999999069 -0.879999999888241 39.98 
2.84999999997672 -0.940000000409782 40.24 
1.02000000001863 -0.990000000223517 40.53 
-0.849999999976717 -1.04999999981374 40.9 
-2.68999999994412 -1.09999999962747 41.29 
-4.56999999994878 -1.17999999970198 40.98 
-6.40000000002328 -1.21999999973923 41.71 
-8.22999999998137 -1.29000000003725 41.67 
-11.0500000000466 -2.79999999981374 13.41 
-11.0200000000186 -2.61000000033528 39.57 
-9.25 -2.42999999970198 41.76 
-7.34999999997672 -2.41000000014901 40.78 
-5.54000000003725 -2.30999999959022 41.56 
-3.69999999995343 -2.19000000040978 42.42 
-1.86999999999534 -2.12999999988824 42.34 
0.0200000000186265 -2.08000000007451 42.02 
1.85999999998603 -2.01999999955297 41.7 
3.76000000000931 -1.98000000044703 41.05 
5.5899999999674 -1.92999999970198 40.82 
7.43000000005122 -1.87000000011176 40.5 
9.30000000004657 -1.82000000029802 40.23 
11.140000000014 -1.75999999977648 39.93 
13.0200000000186 -1.70000000018626 39.73 
14.8499999999767 -1.65000000037253 39.5 
19.7800000000279 -2.79999999981374 12.33 
21.5400000000373 -2.58000000007451 15.41 
28.0699999999488 -3.38999999966472 12.21 
19.359999999986 -2.36000000033528 39.55 
17.5400000000373 -2.42999999970198 39.72 
15.7099999999627 -2.48000000044703 39.96 
13.8399999999674 -2.54000000003725 40.26 
12 -2.59999999962747 40.57 
10.1199999999953 -2.63999999966472 40.99 
8.29000000003725 -2.70000000018626 41.27 
6.43999999994412 -2.74000000022352 41.84 
4.56000000005588 -2.79999999981374 42.12 
2.72999999998137 -2.86000000033528 42.45 
0.839999999967404 -2.90000000037253 42.94 
-1 -2.95999999996275 43.13 
-2.86999999999534 -3.03000000026077 43.32 
-4.68000000005122 -3.11000000033528 42.96 
-6.51000000000931 -3.23000000044703 42.05 
-8.31999999994878 -3.33999999985099 41.17 
-10.109999999986 -3.45999999996275 40.15 
-10.3100000000559 -4.5 39.67 
-8.47999999998137 -4.34999999962747 41.4 
-6.70999999996275 -4.17999999970198 43.49 
-4.8399999999674 -4.11000000033528 43.45 
-3.01000000000931 -4.04000000003725 43.55 
-1.14000000001397 -3.95999999996275 43.58 
0.709999999962747 -3.90000000037253 43.39 
2.5899999999674 -3.83999999985099 43.28 
4.42000000004191 -3.78000000026077 43.11 
6.25 -3.71999999973923 42.99 
8.15000000002328 -3.66999999992549 42.55 
10 -3.62000000011176 42.11 
11.8800000000047 -3.55999999959022 41.9 
13.7399999999907 -3.50999999977648 41.39 
15.5899999999674 -3.46999999973923 40.94 
17.4699999999721 -3.41000000014901 40.65 
19.3100000000559 -3.36000000033528 40.27 
20.9399999999441 -3.03000000026077 45.71 
21.1999999999534 -3.29000000003725 40.22 
22.7700000000186 -2.95999999996275 45.69 
23.0300000000279 -3.23000000044703 40.09 
24.9300000000512 -3.17999999970198 39.6 
29.6500000000233 -4.11000000033528 39.75 
27.5100000000093 -3.90000000037253 45.71 
27.7900000000373 -4.16999999992549 40.03 
25.6800000000512 -3.95999999996275 45.78 
23.8699999999953 -4.03000000026077 45.8 
22 -4.09999999962747 45.8 
20.4000000000233 -4.38999999966472 41.3 
18.5 -4.42999999970198 41.94 
16.6700000000419 -4.49000000022352 42.09 
14.7900000000373 -4.54999999981374 42.49 
12.9499999999534 -4.59999999962747 42.94 
11.0799999999581 -4.66000000014901 43.11 
9.25 -4.73000000044703 43.23 
7.43000000005122 -4.79000000003725 43.35 
5.55000000004657 -4.86000000033528 43.39 
3.72999999998137 -4.92999999970198 43.46 
1.85999999998603 -4.99000000022352 43.58 
0.0400000000372529 -5.04999999981374 43.76 
-1.8399999999674 -5.12000000011176 43.8 
-3.6600000000326 -5.20000000018626 43.69 
-5.51000000000931 -5.29000000003725 43.41 
-7.30000000004657 -5.41000000014901 42.24 
-9.06000000005588 -5.58999999985099 40.08 
-8.05000000004657 -6.61000000033528 40.6 
-6.23999999999069 -6.42999999970198 42.84 
-4.43000000005122 -6.33000000007451 43.44 
-2.56999999994878 -6.23000000044703 44.06 
-0.75 -6.15000000037253 44.12 
1.07999999995809 -6.08999999985099 43.96 
2.95999999996275 -6.03000000026077 43.77 
4.8399999999674 -5.96999999973923 43.57 
6.67000000004191 -5.88999999966472 43.53 
8.48999999999069 -5.83999999985099 43.45 
10.3800000000047 -5.76999999955297 43.35 
12.1999999999534 -5.70999999996275 43.28 
14.0799999999581 -5.63999999966472 43.27 
15.9000000000233 -5.57000000029802 43.23 
17.7399999999907 -5.50999999977648 43.07 
19.6199999999953 -5.45000000018626 42.81 
21.3100000000559 -5.24000000022352 45.8 
23.1800000000512 -5.16000000014901 45.87 
24.9899999999907 -5.08999999985099 45.86 
26.8699999999953 -5.03000000026077 45.8 
28.9300000000512 -5.20000000018626 40.81 
30.8499999999767 -5.17999999970198 39.76 
29.4499999999534 -5.99000000022352 41.08 
27.359999999986 -5.83999999985099 45.72 
27.5400000000373 -6.01999999955297 41.97 
25.5200000000186 -5.91000000014901 45.82 
23.7099999999627 -5.96999999973923 45.91 
21.8399999999674 -6.04999999981374 45.8 
20.0300000000279 -6.12000000011176 45.83 
18.2800000000279 -6.30999999959022 43.29 
16.4599999999627 -6.37999999988824 43.34 
14.5899999999674 -6.45000000018626 43.36 
12.7700000000186 -6.51999999955297 43.42 
10.9000000000233 -6.58999999985099 43.47 
9.07999999995809 -6.66000000014901 43.52 
7.26000000000931 -6.70999999996275 43.62 
5.38000000000466 -6.79000000003725 43.73 
3.56000000005588 -6.84999999962747 43.88 
1.67000000004191 -6.91000000014901 44.18 
-0.14000000001397 -6.99000000022352 44.09 
-1.96999999997206 -7.05999999959022 44.13 
-3.81000000005588 -7.16000000014901 43.55 
-5.61999999999534 -7.25 43.12 
-7.43000000005122 -7.42999999970198 40.89 
-7.26000000000931 -8.44000000040978 40.46 
-5.5 -8.26999999955297 42.62 
-3.64000000001397 -8.16000000014901 43.36 
-1.82999999995809 -8.07000000029802 43.7 
0 -7.99000000022352 43.99 
1.86999999999534 -7.91000000014901 44.11 
3.68999999994412 -7.83999999985099 44.11 
5.56999999994878 -7.76999999955297 43.9 
7.4100000000326 -7.71999999973923 43.78 
9.30000000004657 -7.65000000037253 43.62 
11.1199999999953 -7.58999999985099 43.59 
13 -7.51999999955297 43.49 
14.8299999999581 -7.45000000018626 43.46 
16.6600000000326 -7.37999999988824 43.41 
18.4799999999814 -7.26999999955297 44.33 
20.2399999999907 -7.12999999988824 45.79 
22.109999999986 -7.04999999981374 45.85 
23.9300000000512 -6.98000000044703 45.87 
25.75 -6.91999999992549 45.84 
27.6199999999953 -6.84999999962747 45.84 
29.7700000000186 -7.03000000026077 40.47 
29.7600000000093 -8.07000000029802 40.14 
27.8199999999488 -8.01999999955297 42.72 
25.859999999986 -7.94000000040978 45.81 
24 -8.01999999955297 45.83 
22.1800000000512 -8.08999999985099 45.8 
20.3199999999488 -8.16000000014901 45.75 
18.5999999999767 -8.33999999985099 43.55 
16.7900000000373 -8.41999999992549 43.47 
14.9200000000419 -8.49000000022352 43.52 
13.0500000000466 -8.54999999981374 43.66 
11.2299999999814 -8.62000000011176 43.74 
9.4100000000326 -8.69000000040978 43.78 
7.54000000003725 -8.75999999977648 43.89 
5.70999999996275 -8.80999999959022 44.1 
3.84999999997672 -8.88999999966472 44.15 
2.03000000002794 -8.96999999973923 44.06 
0.21999999997206 -9.04000000003725 43.94 
-1.65000000002328 -9.12999999988824 43.65 
-3.44999999995343 -9.21999999973923 43.35 
-5.30000000004657 -9.33999999985099 42.23 
-7.05000000004657 -9.50999999977648 40.18 
-7.25 -10.6399999996647 39.71 
-5.43000000005122 -10.4900000002235 41.31 
-3.6600000000326 -10.3300000000745 43.15 
-1.8399999999674 -10.2400000002235 43.55 
0.0300000000279397 -10.160000000149 43.83 
1.84999999997672 -10.0800000000745 43.89 
3.72999999998137 -10 44.03 
5.55000000004657 -9.91999999992549 44.13 
7.42000000004191 -9.86000000033528 44.12 
9.26000000000931 -9.79999999981374 43.92 
11.1300000000047 -9.73000000044703 43.83 
12.9599999999627 -9.66000000014901 43.8 
14.7900000000373 -9.59999999962747 43.66 
16.6700000000419 -9.53000000026077 43.59 
18.4899999999907 -9.45999999996275 43.52 
20.3699999999953 -9.40000000037253 43.43 
22.0999999999767 -9.23000000044703 45.49 
23.9100000000326 -9.13999999966472 45.8 
25.7900000000373 -9.07000000029802 45.78 
27.7399999999907 -9.12999999988824 43.08 
29.75 -9.20000000018626 40.23 
28.7600000000093 -9.98000000044703 43.44 
26.890000000014 -10.0599999995902 43.43 
25 -10.0599999995902 44.8 
23.2399999999907 -10.1900000004098 43.56 
21.3800000000047 -10.269999999553 43.51 
19.5600000000559 -10.339999999851 43.57 
17.6899999999441 -10.410000000149 43.63 
15.8699999999953 -10.480000000447 43.69 
14.0500000000466 -10.5400000000373 43.8 
12.1800000000512 -10.6100000003353 43.86 
10.3000000000466 -10.679999999702 43.99 
8.47999999998137 -10.7400000002235 44.12 
6.6600000000326 -10.820000000298 44.12 
4.80000000004657 -10.8799999998882 44.02 
2.97999999998137 -10.9599999999627 43.92 
1.10999999998603 -11.0499999998137 43.84 
-0.699999999953434 -11.1299999998882 43.61 
-2.53000000002794 -11.2199999997392 43.33 
-4.34999999997672 -11.3499999996275 42.11 
-6.10999999998603 -11.519999999553 40.08 
-5.6600000000326 -12.3899999996647 40.1 
-3.90000000002328 -12.2199999997392 42.11 
-2.11999999999534 -12.089999999851 43.39 
-0.239999999990687 -12.0099999997765 43.63 
1.57999999995809 -11.9199999999255 43.81 
3.45999999996275 -11.839999999851 43.84 
5.28000000002794 -11.769999999553 43.96 
7.09999999997672 -11.7000000001863 44.09 
8.96999999997206 -11.6200000001118 44.32 
10.7800000000279 -11.5400000000373 44.41 
12.6600000000326 -11.4699999997392 44.41 
14.5 -11.429999999702 43.87 
16.390000000014 -11.3600000003353 43.75 
18.2099999999627 -11.2900000000373 43.67 
20.0799999999581 -11.2199999997392 43.63 
21.9100000000326 -11.1500000003725 43.58 
23.6600000000326 -11 45.31 
25.5500000000466 -10.9400000004098 45.01 
27.3800000000047 -10.8799999998882 44.86 
29.2600000000093 -10.8099999995902 44.72 
29.4799999999814 -11.0300000002608 40.16 
29.640000000014 -11.7999999998137 45.22 
27.7600000000093 -11.8600000003353 45.51 
25.9300000000512 -11.9199999999255 45.88 
24.0999999999767 -11.9699999997392 46.25 
22.359999999986 -12.1699999999255 43.71 
20.5400000000373 -12.2400000002235 43.68 
18.6800000000512 -12.3099999995902 43.79 
16.859999999986 -12.3799999998882 43.84 
15.0400000000373 -12.4500000001863 43.98 
13.109999999986 -12.4500000001863 45.42 
11.3299999999581 -12.570000000298 44.51 
9.43999999994412 -12.6100000003353 45.12 
7.6600000000326 -12.7400000002235 44.06 
5.81000000005588 -12.820000000298 43.89 
3.98999999999069 -12.8799999998882 43.81 
2.11999999999534 -12.9599999999627 43.69 
0.300000000046566 -13.0499999998137 43.66 
-1.5 -13.1299999998882 43.36 
-3.32999999995809 -13.2599999997765 42.28 
-5.07999999995809 -13.4400000004098 40.14 
-5.30000000004657 -14.570000000298 39.68 
-3.47999999998137 -14.4199999999255 41.27 
-1.70999999996275 -14.25 43.21 
0.0899999999674037 -14.160000000149 43.52 
1.95999999996275 -14.0800000000745 43.65 
3.78000000002794 -14.0099999997765 43.73 
5.6600000000326 -13.9400000004098 43.81 
7.48999999999069 -13.8600000003353 43.88 
9.31000000005588 -13.7900000000373 44.01 
11.1500000000233 -13.679999999702 44.67 
13.0300000000279 -13.6200000001118 44.47 
14.859999999986 -13.5599999995902 44.29 
16.7099999999627 -13.5 43.96 
18.5899999999674 -13.429999999702 43.82 
20.4100000000326 -13.3600000003353 43.78 
22.2800000000279 -13.2900000000373 43.84 
24.0100000000093 -13.1299999998882 45.7 
25.8100000000559 -13.0300000002608 46.19 
27.6600000000326 -12.9500000001863 46.48 
29.4799999999814 -12.8799999998882 46.41 
29.3000000000466 -13.8600000003353 45.77 
27.4899999999907 -13.9500000001863 45.38 
25.6999999999534 -14.0400000000373 45.07 
23.8399999999674 -14.1200000001118 44.82 
22.0600000000559 -14.2400000002235 43.98 
20.2099999999627 -14.320000000298 43.84 
18.3800000000047 -14.3799999998882 43.97 
16.5400000000373 -14.429999999702 44.52 
14.6600000000326 -14.4900000002235 44.78 
12.8299999999581 -14.5499999998137 44.96 
11 -14.6699999999255 44.08 
9.18999999994412 -14.75 43.88 
7.35999999998603 -14.8300000000745 43.8 
5.48999999999069 -14.910000000149 43.74 
3.60999999998603 -14.980000000447 43.62 
1.80000000004657 -15.0499999998137 43.54 
-0.0300000000279397 -15.1299999998882 43.48 
-1.85999999998603 -15.2400000002235 42.89 
-3.60999999998603 -15.429999999702 40.53 
-4.31999999994878 -16.3700000001118 39.69 
-2.56000000005588 -16.2099999999627 41.42 
-0.790000000037253 -16.0400000000373 43.25 
1.0899999999674 -15.9599999999627 43.41 
2.9100000000326 -15.8799999998882 43.53 
4.78000000002794 -15.820000000298 43.61 
6.59999999997672 -15.7400000002235 43.7 
8.42000000004191 -15.660000000149 43.83 
10.3000000000466 -15.589999999851 43.88 
12.1199999999953 -15.5099999997765 43.98 
13.9899999999907 -15.429999999702 44.07 
15.7800000000279 -15.3300000000745 44.79 
17.6199999999953 -15.269999999553 44.55 
19.5100000000093 -15.2199999997392 44.03 
21.390000000014 -15.1500000003725 44 
23.2299999999814 -15.0800000000745 43.85 
25.0500000000466 -15.0099999997765 43.78 
26.8699999999953 -14.8899999996647 44.8 
28.6899999999441 -14.820000000298 44.93 
29.0999999999767 -15.9699999997392 41.08 
27.1800000000512 -15.9500000001863 43.19 
25.2800000000279 -15.9699999997392 44.29 
23.4899999999907 -16.0599999995902 43.85 
21.609999999986 -16.1200000001118 44.15 
19.7299999999814 -16.1299999998882 45.6 
17.9200000000419 -16.25 44.57 
16.1300000000047 -16.339999999851 44.13 
14.3199999999488 -16.4199999999255 44.01 
12.4499999999534 -16.5 43.86 
10.640000000014 -16.5800000000745 43.84 
8.78000000002794 -16.660000000149 43.73 
6.95999999996275 -16.7400000002235 43.64 
5.10999999998603 -16.8099999995902 43.58 
3.29000000003725 -16.8799999998882 43.48 
1.43999999994412 -16.9699999997392 43.32 
-0.380000000004657 -17.0400000000373 43.22 
-2.11999999999534 -17.2099999999627 41.28 
-2.32999999995809 -18.4000000003725 40.29 
-0.540000000037253 -18.2199999997392 42.6 
1.26000000000931 -18.1100000003353 43.26 
3.13000000000466 -18.0300000002608 43.39 
4.95999999996275 -17.9699999997392 43.42 
6.78000000002794 -17.8899999996647 43.54 
8.65000000002328 -17.8099999995902 43.63 
10.4799999999814 -17.730000000447 43.72 
12.3499999999767 -17.6500000003725 43.79 
14.1700000000419 -17.5800000000745 43.92 
15.9899999999907 -17.5 44.08 
17.8399999999674 -17.3799999998882 44.85 
19.7299999999814 -17.3300000000745 44.46 
21.5600000000559 -17.269999999553 44.28 
23.4000000000233 -17.2099999999627 43.96 
25.2800000000279 -17.1399999996647 43.96 
27.1300000000047 -17.089999999851 43.36 
29.0699999999488 -17.0999999996275 41.73 
30.9899999999907 -17.1200000001118 39.83 
31.5999999999767 -18.0099999997765 39.78 
29.640000000014 -17.9900000002235 41.72 
27.75 -17.9900000002235 43.31 
25.8699999999953 -18.0499999998137 43.76 
24.0500000000466 -18.0999999996275 44.07 
22.1600000000326 -18.1500000003725 44.62 
20.3399999999674 -18.2099999999627 44.89 
18.5 -18.3099999995902 44.43 
16.6899999999441 -18.410000000149 43.99 
14.8800000000047 -18.480000000447 43.88 
13.0100000000093 -18.5599999995902 43.79 
11.1999999999534 -18.6399999996647 43.69 
9.34999999997672 -18.7199999997392 43.58 
7.53000000002794 -18.7999999998137 43.53 
5.71999999997206 -18.8799999998882 43.47 
3.85999999998603 -18.9599999999627 43.32 
2.04000000003725 -19.0300000002608 43.23 
0.209999999962747 -19.1399999996647 42.45 
-1.55000000004657 -19.2999999998137 40.63 
-1 -20.2400000002235 40.5 
0.78000000002794 -20.0999999996275 41.95 
2.60999999998603 -19.9699999997392 43.06 
4.43000000005122 -19.9000000003725 43.31 
6.25 -19.820000000298 43.37 
8.11999999999534 -19.7400000002235 43.51 
9.94999999995343 -19.660000000149 43.57 
11.8199999999488 -19.5800000000745 43.67 
13.640000000014 -19.5099999997765 43.73 
15.4599999999627 -19.429999999702 43.82 
17.3399999999674 -19.3499999996275 43.91 
19.1500000000233 -19.2800000002608 43.99 
21.0200000000186 -19.2000000001863 44.11 
22.8199999999488 -19.0999999996275 44.69 
24.7099999999627 -19.0400000000373 44.27 
26.5100000000093 -18.9500000001863 44.71 
28.4399999999441 -18.9400000004098 43.28 
30.359999999986 -18.9599999999627 41.38 
32.2700000000186 -18.9699999997392 39.66 
31.7399999999907 -19.7900000000373 40.28 
29.8100000000559 -19.7599999997765 42.47 
27.8399999999674 -19.7199999997392 44.96 
25.9599999999627 -19.7199999997392 46.32 
24.2199999999721 -19.8799999998882 44.73 
22.3800000000047 -19.980000000447 44.16 
20.5300000000279 -20.0599999995902 44.01 
18.7199999999721 -20.1399999996647 43.92 
16.9100000000326 -20.2199999997392 43.81 
15.0500000000466 -20.2999999998137 43.78 
13.2299999999814 -20.3799999998882 43.66 
11.3699999999953 -20.4599999999627 43.58 
9.55000000004657 -20.5400000000373 43.51 
7.75 -20.6200000001118 43.38 
5.88000000000466 -20.6900000004098 43.34 
4.07999999995809 -20.7800000002608 43.06 
2.25 -20.9000000003725 42 
0.479999999981374 -21.0400000000373 40.6 
0.900000000023283 -22.230000000447 39.87 
2.72999999998137 -22.0999999996275 40.85 
4.56000000005588 -21.980000000447 42.12 
6.3399999999674 -21.8499999996275 43.14 
8.15000000002328 -21.769999999553 43.33 
10.0300000000279 -21.6900000004098 43.44 
11.8499999999767 -21.6100000003353 43.54 
13.7199999999721 -21.5300000002608 43.58 
15.5300000000279 -21.4599999999627 43.71 
17.3499999999767 -21.3799999998882 43.73 
19.2099999999627 -21.2999999998137 43.86 
21.0300000000279 -21.2199999997392 43.95 
22.890000000014 -21.1399999996647 44.03 
24.7099999999627 -21.0599999995902 44.2 
26.5899999999674 -21 43.83 
28.4200000000419 -20.9400000004098 43.54 
30.3399999999674 -20.9199999999255 42.57 
32.2800000000279 -20.9500000001863 40.37 
32.7700000000186 -21.8499999996275 40.17 
30.8399999999674 -21.8099999995902 42.55 
28.9300000000512 -21.839999999851 43.46 
27.109999999986 -21.9000000003725 43.75 
25.2700000000186 -21.9599999999627 44.03 
23.4100000000326 -22.0400000000373 43.98 
21.5999999999767 -22.1200000001118 43.92 
19.7399999999907 -22.2000000001863 43.82 
17.9300000000512 -22.2800000002608 43.71 
16.0699999999488 -22.3600000003353 43.64 
14.2600000000093 -22.4400000004098 43.56 
12.390000000014 -22.519999999553 43.48 
10.5799999999581 -22.6100000003353 43.32 
8.76000000000931 -22.679999999702 43.29 
6.9100000000326 -22.7800000002608 42.9 
5.14000000001397 -22.910000000149 41.68 
3.31999999994878 -23.0499999998137 40.3 
4.9100000000326 -23.8799999998882 40.38 
6.68999999994412 -23.7400000002235 41.74 
8.51000000000931 -23.5999999996275 42.97 
10.3199999999488 -23.5099999997765 43.29 
12.1899999999441 -23.429999999702 43.35 
14.0200000000186 -23.3600000003353 43.42 
15.8299999999581 -23.269999999553 43.63 
17.7099999999627 -23.2000000001863 43.63 
19.5300000000279 -23.1200000001118 43.73 
21.4000000000233 -23.0400000000373 43.82 
23.2199999999721 -22.9599999999627 43.92 
25.0300000000279 -22.8799999998882 44 
26.9100000000326 -22.8099999995902 43.89 
28.7900000000373 -22.75 43.6 
30.640000000014 -22.7000000001863 43.13 
32.5799999999581 -22.730000000447 40.92 
34.1199999999953 -23.519999999553 39.88 
32.1999999999534 -23.5099999997765 41.81 
30.2600000000093 -23.5099999997765 43.38 
28.4200000000419 -23.570000000298 43.71 
26.5600000000559 -23.6399999996647 43.78 
24.7399999999907 -23.7099999999627 43.91 
22.9200000000419 -23.7900000000373 43.81 
21.0600000000559 -23.8700000001118 43.75 
19.25 -23.9500000001863 43.67 
17.390000000014 -24.0300000002608 43.59 
15.5600000000559 -24.1100000003353 43.48 
13.7099999999627 -24.1900000004098 43.39 
11.890000000014 -24.2800000002608 43.27 
10.0300000000279 -24.3700000001118 43.04 
8.25 -24.4900000002235 41.96 
6.48999999999069 -24.6399999996647 40.54 
7.94999999995343 -25.7199999997392 40.3 
9.71999999997206 -25.570000000298 41.86 
11.5400000000373 -25.4400000004098 42.92 
13.359999999986 -25.3499999996275 43.26 
15.1800000000512 -25.269999999553 43.32 
17.0500000000466 -25.1900000004098 43.52 
18.8699999999953 -25.1100000003353 43.53 
20.7399999999907 -25.0300000002608 43.6 
22.5600000000559 -24.9500000001863 43.71 
24.3800000000047 -24.8700000001118 43.83 
26.2700000000186 -24.7999999998137 43.73 
28.0899999999674 -24.730000000447 43.61 
29.9599999999627 -24.660000000149 43.57 
31.8100000000559 -24.6100000003353 42.96 
33.8100000000559 -24.6500000003725 40.59 
35.0899999999674 -25.5499999998137 39.86 
33.1700000000419 -25.519999999553 42.03 
31.2399999999907 -25.5400000000373 43.31 
29.4200000000419 -25.6100000003353 43.49 
27.5600000000559 -25.679999999702 43.59 
25.75 -25.75 43.68 
23.9300000000512 -25.820000000298 43.69 
22.0699999999488 -25.9000000003725 43.68 
20.2700000000186 -25.9900000002235 43.52 
18.4100000000326 -26.070000000298 43.46 
16.5999999999767 -26.1500000003725 43.4 
14.7800000000279 -26.230000000447 43.26 
12.9499999999534 -26.3300000000745 42.79 
11.140000000014 -26.4699999997392 41.52 
9.36999999999534 -26.5999999996275 40.31 
9.76000000000931 -27.5300000002608 39.78 
11.5899999999674 -27.4000000003725 40.74 
13.4100000000326 -27.2599999997765 42.05 
15.1899999999441 -27.1299999998882 43.12 
17.0100000000093 -27.0499999998137 43.32 
18.8800000000047 -26.9699999997392 43.42 
20.6999999999534 -26.8899999996647 43.51 
22.5600000000559 -26.8099999995902 43.61 
24.3800000000047 -26.730000000447 43.69 
26.2099999999627 -26.660000000149 43.64 
28.0899999999674 -26.589999999851 43.43 
29.9200000000419 -26.519999999553 43.36 
31.8000000000466 -26.4500000001863 43.08 
33.7099999999627 -26.4599999999627 41.29 
35.6700000000419 -26.4599999999627 39.84 
34.0100000000093 -27.320000000298 40.3 
32.109999999986 -27.320000000298 41.86 
30.1800000000512 -27.3300000000745 43.24 
28.359999999986 -27.4000000003725 43.36 
26.5300000000279 -27.4699999997392 43.51 
24.6600000000326 -27.5499999998137 43.59 
22.8499999999767 -27.6299999998882 43.55 
20.9899999999907 -27.7099999999627 43.43 
19.1700000000419 -27.7900000000373 43.34 
17.3699999999953 -27.8700000001118 43.22 
15.5400000000373 -27.9900000002235 42.45 
13.7700000000186 -28.1200000001118 41.28 
11.9399999999441 -28.25 40.17 
12.859999999986 -29.2400000002235 39.81 
14.6500000000233 -29.1200000001118 40.79 
16.4100000000326 -28.980000000447 42.1 
18.2399999999907 -28.8499999996275 43.19 
20.0600000000559 -28.769999999553 43.33 
21.9399999999441 -28.679999999702 43.43 
23.75 -28.5999999996275 43.54 
25.5799999999581 -28.5300000002608 43.51 
27.4499999999534 -28.4599999999627 43.32 
29.2800000000279 -28.3899999996647 43.19 
31.2299999999814 -28.3899999996647 41.61 
33.140000000014 -28.3899999996647 40.1 
32.6700000000419 -29.3899999996647 39.83 
30.7299999999814 -29.410000000149 41.16 
28.8299999999581 -29.4000000003725 43.02 
27 -29.4599999999627 43.3 
25.140000000014 -29.5300000002608 43.47 
23.3199999999488 -29.6100000003353 43.42 
21.4599999999627 -29.6900000004098 43.32 
19.6600000000326 -29.7800000002608 43.15 
17.9000000000233 -29.910000000149 42.02 
16.0899999999674 -30.0499999998137 40.74 
14.3100000000559 -30.179999999702 39.8 
16.7700000000186 -30.929999999702 40.32 
18.5799999999581 -30.7800000002608 41.64 
20.4000000000233 -30.6500000003725 42.8 
22.1999999999534 -30.5499999998137 43.26 
24.0200000000186 -30.4699999997392 43.39 
25.8800000000047 -30.3899999996647 43.35 
27.7199999999721 -30.3300000000745 43.03 
29.6800000000512 -30.339999999851 41.3 
31.5699999999488 -30.3300000000745 39.87 
30.75 -31.1699999999255 39.88 
28.8199999999488 -31.1900000004098 41.19 
26.9100000000326 -31.179999999702 42.94 
25.0799999999581 -31.2400000002235 43.32 
23.2099999999627 -31.320000000298 43.29 
21.4300000000512 -31.429999999702 42.6 
19.6199999999953 -31.570000000298 41.36 
17.8499999999767 -31.7099999999627 40.22 
19.7099999999627 -32.6200000001118 40.33 
21.4799999999814 -32.4699999997392 41.77 
23.2399999999907 -32.339999999851 42.91 
25.0999999999767 -32.2400000002235 43.25 
27 -32.230000000447 41.84 
28.9499999999534 -32.230000000447 40.3 
27.4399999999441 -33.1699999999255 40.61 
25.5400000000373 -33.1699999999255 42.29 
23.6899999999441 -33.2599999997765 42.11 
21.9300000000512 -33.3899999996647 40.89 
20.109999999986 -33.5300000002608 39.84 
22.2700000000186 -34.4199999999255 40.11 
24.0500000000466 -34.2900000000373 41.17 
25.8800000000047 -34.230000000447 40.97 
25.7700000000186 -34.9599999999627 40.56 
23.9200000000419 -35.0499999998137 40.35 
24.6300000000047 -36.019999999553 39.89 
